87 76
91 78
95 80
101 82
108 85
117 87
129 90
142 93
159 95
178 98
201 103
224 108
251 113
277 119
303 124
330 129
358 131
386 133
410 133
437 133
465 133
489 133
509 133
528 133
544 133
557 133
569 133
579 133
586 133
591 133
594 133
595 133
null
254 230
258 230
264 230
274 230
287 230
302 230
319 230
337 230
357 230
381 230
405 230
426 230
446 230
465 230
481 230
498 230
513 230
527 230
539 230
549 230
558 230
564 230
571 230
575 230
578 230
579 230
580 230
581 230
null
315 260
312 260
304 259
295 258
287 258
273 257
258 255
242 254
227 254
210 254
194 254
179 254
164 254
149 254
136 254
122 254
111 254
99 254
87 254
77 254
67 254
56 254
46 254
36 254
26 254
17 254
7 254
-1 254
-11 254
-21 254
-32 256
-42 257
-52 259
-61 261
-70 263
-78 264
-83 264
-92 266
-96 266
-99 266
-102 266
-104 266
-105 266
-107 266
-108 266
-109 266
null
229 189
228 189
228 190
229 192
231 195
233 197
235 200
237 204
239 208
241 212
244 217
247 223
251 228
253 234
255 240
258 245
260 251
261 256
262 260
263 264
264 268
265 271
265 272
266 276
266 277
267 279
267 280
267 281
267 282
null
256 319
256 318
255 314
255 313
255 309
255 304
255 299
255 290
257 281
261 272
265 263
270 253
276 242
282 231
289 222
295 213
302 204
307 196
312 190
316 186
320 182
323 179
324 177
326 176
328 175
328 174
null
391 201
391 203
391 205
390 207
388 209
386 212
383 214
379 218
375 221
370 226
364 230
358 236
353 241
349 245
343 249
339 252
334 256
330 259
326 261
323 263
320 264
null
